0.0 3.391736 3.389165 3.203371
3.4525 3.137297 3.132004 2.97673
3.119411 2.814931 2.809009 2.691419
2.778804 2.491862 2.48481 2.395081
2.494617 2.227571 2.219834 2.146802
2.299048 2.055245 2.04815 1.98918
2.16366 1.946671 1.935628 1.881432
2.078895 1.879991 1.870468 1.822187
2.047032 1.858943 1.851481 1.801248
2.066768 1.875004 1.867161 1.814863
2.144503 1.933164 1.928958 1.872782
2.266113 2.033605 2.032067 1.971106
2.45308 2.194201 2.200866 2.130214
2.711702 2.431366 2.44407 2.354833
3.03698 2.737114 2.756771 2.641836
3.379038 3.071292 3.09321 2.941944
3.670444 3.376688 3.398834 3.215558
3.554652 3.220629 3.220192 3.047793
3.198174 2.883538 2.883104 2.75941
2.804551 2.518095 2.516853 2.425658
2.468688 2.213993 2.211945 2.141695
2.212402 1.99178 1.989094 1.930881
2.022036 1.834905 1.828938 1.780915
1.875834 1.722626 1.715209 1.67276
1.779233 1.648447 1.641287 1.602064
1.742906 1.620926 1.61567 1.577879
1.770269 1.643542 1.637901 1.597479
1.858583 1.709864 1.709208 1.662596
1.997124 1.816959 1.820661 1.76951
2.17918 1.962021 1.972477 1.914387
2.420239 2.166157 2.185182 2.111763
2.740125 2.453183 2.478266 2.386546
3.123998 2.817086 2.848041 2.72616
3.500896 3.197067 3.22243 3.058105
3.369312 3.029059 3.026575 2.889938
2.940618 2.634199 2.633512 2.538515
2.53378 2.266503 2.265321 2.192503
2.216805 1.994389 1.994598 1.936996
1.968004 1.793931 1.792107 1.74446
1.759029 1.628001 1.623726 1.584092
1.599318 1.502187 1.496837 1.464213
1.495343 1.420507 1.414643 1.386153
1.459697 1.390689 1.386654 1.360333
1.487583 1.414722 1.412306 1.382296
1.582528 1.489113 1.490062 1.453851
1.739055 1.613201 1.620063 1.577809
1.938308 1.764913 1.778954 1.728288
2.177963 1.953974 1.974797 1.916239
2.478814 2.212143 2.239011 2.164335
2.866981 2.567197 2.599996 2.501656
3.303339 2.988804 3.019437 2.884778
3.181942 2.837928 2.8326 2.720381
2.733098 2.439256 2.436285 2.355488
2.343122 2.094624 2.094386 2.033827
2.03422 1.843061 1.843248 1.795333
1.764863 1.631606 1.630608 1.592021
1.540345 1.45259 1.449407 1.418471
1.378739 1.322241 1.318374 1.294125
1.283643 1.244046 1.240735 1.223
1.249191 1.21629 1.214941 1.197409
1.276747 1.237964 1.238852 1.218071
1.365063 1.310054 1.313645 1.286857
1.520679 1.435305 1.44349 1.410828
1.74053 1.607494 1.622502 1.582212
1.998912 1.806227 1.827773 1.780045
2.292336 2.044392 2.070793 2.011594
2.662859 2.3715 2.404675 2.324141
3.107933 2.792636 2.829477 2.71104
3.029902 2.696829 2.693619 2.591972
2.582889 2.30116 2.29816 2.230316
2.207924 1.980063 1.97804 1.926163
1.892227 1.729772 1.728258 1.688187
1.60893 1.506048 1.504704 1.473516
1.382328 1.323469 1.320668 1.298823
1.229661 1.198056 1.194829 1.180192
1.140068 1.121699 1.119604 1.110156
1.10854 1.095325 1.095098 1.087062
1.133991 1.116868 1.119045 1.10717
1.218099 1.1868 1.19187 1.174504
1.365467 1.305939 1.314969 1.290122
1.584506 1.482026 1.496823 1.463485
1.860975 1.695825 1.716393 1.675005
2.158869 1.930632 1.957898 1.905354
2.517874 2.242837 2.274052 2.20283
2.949725 2.64729 2.678339 2.580734
2.934566 2.607638 2.603428 2.515102
2.49971 2.225508 2.222394 2.158644
2.128658 1.916784 1.914567 1.867854
1.802112 1.65958 1.65733 1.62299
1.511724 1.430316 1.426754 1.403381
1.293084 1.248774 1.245383 1.229653
1.14451 1.125491 1.121742 1.114375
1.060185 1.05432 1.051642 1.051115
1.029029 1.026897 1.027287 1.027344
1.054126 1.04712 1.04913 1.046046
1.134681 1.115109 1.119508 1.109446
1.275612 1.23161 1.240058 1.223451
1.489036 1.404789 1.418062 1.392673
1.771012 1.626099 1.64626 1.611528
2.077133 1.86698 1.891505 1.849242
2.4316 2.166311 2.195198 2.133708
2.852137 2.560565 2.594027 2.501673
2.909153 2.578677 2.573725 2.492044
2.473734 2.205044 2.199418 2.138547
2.105077 1.895685 1.892375 1.848514
1.773619 1.636003 1.632177 1.600054
1.480888 1.403031 1.399958 1.378425
1.262935 1.223325 1.219583 1.205988
1.117839 1.102302 1.098335 1.093874
1.035419 1.032668 1.030321 1.031251
1.005898 1.005965 1.005422 1.009609
1.027779 1.024103 1.025416 1.02721
1.106475 1.09142 1.094214 1.089436
1.246131 1.207031 1.213 1.199986
1.45702 1.379048 1.390828 1.36981
1.74021 1.604273 1.621565 1.589834
2.051234 1.847705 1.870763 1.830795
2.40099 2.142185 2.169786 2.111808
2.829137 2.532831 2.564128 2.475506
2.941936 2.610339 2.604593 2.516793
2.505111 2.227717 2.220068 2.161148
2.133276 1.915999 1.911476 1.865858
1.804543 1.657902 1.652982 1.620989
1.513288 1.426911 1.422555 1.399854
1.291492 1.245367 1.24063 1.227231
1.142037 1.120843 1.116679 1.109693
1.058467 1.051074 1.047701 1.047557
1.028024 1.02613 1.025176 1.027295
1.050779 1.044486 1.044371 1.044726
1.13074 1.11191 1.113192 1.107084
1.268255 1.227422 1.231062 1.217449
1.480385 1.401629 1.409931 1.389187
1.761965 1.623803 1.63707 1.607526
2.075812 1.870354 1.888547 1.848841
2.429935 2.167148 2.191024 2.132272
2.860365 2.562746 2.589722 2.50032
3.047048 2.702499 2.68427 2.598227
2.59519 2.303507 2.293305 2.231515
2.214344 1.97735 1.96995 1.927254
1.892742 1.723582 1.716447 1.685115
1.606375 1.498991 1.493471 1.470841
1.377809 1.31655 1.310889 1.294378
1.22245 1.189106 1.183268 1.174115
1.131203 1.113762 1.109457 1.106065
1.098577 1.087678 1.084443 1.08313
1.124432 1.108592 1.106276 1.102606
1.209424 1.180675 1.179348 1.170364
1.35111 1.299541 1.299864 1.284658
1.571206 1.477212 1.481412 1.457492
1.845972 1.691954 1.701564 1.670245
2.152528 1.93413 1.948505 1.90692
2.513937 2.246279 2.265206 2.206651
2.951668 2.652529 2.670688 2.577443
3.199258 2.843151 2.827347 2.733363
2.742384 2.436749 2.423975 2.358516
2.344772 2.088521 2.078311 2.031849
2.029793 1.83288 1.823858 1.79031
1.755396 1.618425 1.610019 1.585832
1.527346 1.440347 1.431866 1.414082
1.362488 1.307717 1.299743 1.288626
1.265066 1.229 1.222175 1.215416
1.230368 1.202766 1.196429 1.192568
1.257479 1.225793 1.219924 1.213517
1.347576 1.301272 1.295446 1.284274
1.49915 1.424987 1.422066 1.402895
1.71628 1.597142 1.596542 1.571141
1.976621 1.801287 1.805577 1.772708
2.277988 2.04758 2.055956 2.011723
2.65906 2.38209 2.394954 2.332031
3.103039 2.803412 2.818247 2.72042
3.392329 3.033365 3.019139 2.900801
2.95096 2.632792 2.619091 2.542435
2.53489 2.260707 2.248772 2.196544
2.208498 1.983718 1.973083 1.936637
1.952404 1.778548 1.768369 1.740211
1.736002 1.610263 1.599579 1.57944
1.573186 1.482919 1.47333 1.45842
1.469047 1.40225 1.392711 1.384096
1.431367 1.374972 1.365807 1.357725
1.461213 1.399343 1.390034 1.380739
1.557079 1.476855 1.467234 1.453818
1.705599 1.597383 1.587704 1.569825
1.906995 1.75703 1.751036 1.725424
2.15166 1.953743 1.951528 1.918853
2.464692 2.219649 2.223203 2.173691
2.861435 2.583115 2.590542 2.515834
3.301836 3.0037 3.011187 2.902261
3.586566 3.237704 3.222992 3.073885
3.210325 2.888345 2.873447 2.774867
2.801267 2.512707 2.499556 2.43203
2.455727 2.203723 2.190155 2.144329
2.192919 1.979044 1.966133 1.933323
1.995555 1.81839 1.805603 1.781318
1.843079 1.701297 1.688375 1.670031
1.74169 1.626315 1.614379 1.60019
1.704726 1.601256 1.58729 1.577038
1.731297 1.624295 1.610008 1.598004
1.822312 1.693926 1.679635 1.664541
1.95843 1.805112 1.790034 1.770743
2.141074 1.954564 1.942765 1.915269
2.389596 2.171556 2.16375 2.123179
2.724745 2.476321 2.472326 2.411954
3.124392 2.850677 2.852059 2.756769
3.505861 3.22919 3.228428 3.090881
3.764011 3.469309 3.446421 3.276053
3.484283 3.174092 3.158148 3.02914
3.133534 2.836871 2.824456 2.731729
2.781917 2.51265 2.496961 2.432835
2.492248 2.24962 2.233268 2.186541
2.28988 2.069235 2.056393 2.019836
2.146823 1.955136 1.940841 1.914254
2.054645 1.888129 1.869971 1.847148
2.014933 1.863393 1.847287 1.829652
2.037179 1.883466 1.861897 1.843742
2.119194 1.944608 1.924204 1.902964
2.245837 2.055055 2.033437 2.011383
2.432399 2.224804 2.20839 2.168953
2.710348 2.483351 2.469377 2.411275
3.049353 2.813537 2.800711 2.715018
3.404808 3.161591 3.148336 3.025902
3.69941 3.467371 3.453117 0.0
