   281   314   312   317
   323   353   351   358
   373   401   399   406
   412   462   459   471
   455   507   504   508
   497   540   537   546
   526   567   562   576
   543   588   585   593
   554   592   589   590
   543   588   585   593
   522   565   562   573
   494   538   537   546
   469   507   504   508
   426   468   457   467
   373   415   407   419
   320   357   357   358
   291   310   310   317
   309   345   343   344
   352   392   389   399
   416   456   453   460
   469   509   506   512
   512   561   558   563
   554   602   599   614
   597   637   639   644
   629   666   663   675
   639   678   674   685
   629   666   663   675
   607   643   639   655
   565   608   599   614
   512   561   558   563
   469   514   512   522
   416   462   453   460
   362   403   395   399
   305   341   341   344
   337   370   368   372
   394   433   430   440
   448   497   494   501
   512   555   552   563
   575   614   610   624
   639   672   668   685
   693   725   721   737
   735   766   761   777
   746   777   773   788
   735   766   761   777
   693   731   727   737
   639   678   668   685
   575   620   610   624
   512   561   552   563
   458   503   500   501
   394   438   436   440
   337   376   366   372
   359   398   395   402
   416   468   465   471
   480   532   529   532
   554   596   593   604
   629   672   668   675
   714   748   744   757
   789   813   808   818
   842   859   854   870
   863   877   872   880
   842   859   854   870
   789   818   814   829
   725   754   744   757
   639   678   668   685
   554   602   593   604
   490   538   529   542
   426   474   465   471
   355   403   395   402
   380   413   419   423
   437   491   488   491
   512   555   558   563
   597   631   634   644
   682   719   715   726
   778   807   808   818
   863   883   884   890
   938   941   942   951
   948   965   959   962
   938   947   942   951
   884   900   895   910
   789   818   808   829
   693   731   721   737
   597   643   634   644
   512   567   558   563
   448   497   488   491
   377   419   419   423
   387   433   430   433
   458   503   500   501
   522   573   575   583
   618   655   657   665
   725   754   750   757
   831   848   849   859
   927   941   936   941
   980   988   988   992
  1002  1011  1006  1003
   980   994   988   992
   927   947   936   951
   842   865   860   870
   725   766   756   767
   618   666   657   665
   533   585   575   583
   458   509   506   512
   387   438   428   430
   387   433   436   430
   458   503   506   512
   533   579   575   583
   629   666   663   675
   735   766   767   777
   842   865   866   870
   948   959   959   962
  1002  1005  1000  1003
  1023  1023  1023  1023
  1002  1011  1006  1003
   948   959   953   962
   853   883   878   890
   746   777   767   777
   629   672   668   675
   543   590   581   583
   469   514   506   512
   398   436   436   430
   391   427   430   433
   448   497   500   501
   522   573   570   573
   618   655   657   665
   725   754   756   757
   831   848   849   859
   927   941   942   951
   980   988   988   992
  1002  1005  1006  1003
   980   994   988   992
   927   947   942   951
   842   865   860   870
   725   760   756   767
   618   666   657   665
   533   579   575   583
   458   509   506   512
   387   431   428   430
   366   415   419   409
   437   485   488   491
   501   555   558   563
   586   631   634   634
   682   719   721   726
   778   807   808   818
   874   889   889   900
   938   947   947   951
   959   965   965   962
   938   953   947   951
   884   900   901   910
   789   818   814   829
   693   725   721   737
   597   637   634   644
   512   561   558   563
   448   491   488   491
   377   421   419   423
   345   392   395   392
   416   462   465   460
   480   526   529   532
   554   596   599   604
   629   672   674   675
   714   748   750   757
   789   813   814   818
   842   859   860   870
   863   883   878   880
   853   865   866   870
   799   818   820   829
   725   754   750   757
   639   678   674   685
   554   602   599   604
   490   532   529   532
   426   468   465   471
   355   398   395   389
   327   364   368   361
   384   427   430   430
   448   497   494   501
   512   555   558   563
   575   614   616   624
   639   672   674   685
   693   725   732   737
   735   766   767   767
   757   777   779   788
   746   766   767   767
   703   731   732   737
   639   678   680   685
   575   614   616   624
   512   555   558   563
   448   497   494   501
   394   433   430   430
   323   362   360   361
   295   339   335   334
   352   386   389   389
   405   450   453   450
   458   509   506   512
   512   555   558   563
   565   602   605   604
   607   643   645   644
   639   666   668   675
   650   678   680   685
   639   666   668   675
   607   643   645   644
   565   602   605   604
   522   561   558   563
   469   509   512   512
   416   450   453   450
   352   392   389   389
   309   337   335   334
   281   308   304   307
   309   347   343   348
   362   396   399   396
   416   446   451   457
   455   493   496   494
   480   532   535   535
   522   557   560   563
   540   581   583   580
   551   585   587   590
   540   581   583   580
   522   557   560   563
   494   532   535   535
   451   499   496   494
   412   454   450   457
   359   396   399   396
   323   345   343   348
   281   298   304   307
